1 0 6
1 0 14
1 0 25
1 0 27
1 0 29
1 0 35
1 0 36
1 0 40
1 0 42
1 0 45
1 0 46
1 0 48
1 0 49
1 1 7
1 1 29
1 1 46
1 1 49
1 2 33
1 2 36
1 2 38
1 3 4
1 3 21
1 3 27
1 3 37
1 3 38
1 3 41
1 4 2
1 4 25
1 4 26
1 4 34
1 5 20
1 5 21
1 5 31
1 5 39
1 5 49
1 6 24
1 6 29
1 6 33
1 6 34
1 6 36
1 6 43
1 7 2
1 7 4
1 7 8
1 7 37
1 8 4
1 8 11
1 8 41
1 8 46
1 9 14
1 9 17
1 9 31
1 9 33
1 9 42
1 10 13
1 10 30
1 10 31
1 11 29
1 11 31
1 12 5
1 12 8
1 12 27
1 12 48
1 13 0
1 13 4
1 13 12
1 13 14
1 13 30
1 13 46
1 14 2
1 14 5
1 14 9
1 14 12
1 15 2
1 15 7
1 15 19
1 15 47
1 16 5
1 16 39
1 17 3
1 17 16
1 17 17
1 17 20
1 17 27
1 17 37
1 17 38
1 18 11
1 18 12
1 18 13
1 18 25
1 18 31
1 18 32
1 18 42
1 18 45
1 19 0
1 19 4
1 19 20
1 19 24
1 19 30
1 19 37
1 19 44
1 19 45
1 20 0
1 20 3
1 20 15
1 20 29
1 20 39
1 21 8
1 21 11
1 21 21
1 22 2
1 22 8
1 22 20
1 22 30
1 22 38
1 22 42
1 22 45
1 23 8
1 23 9
1 23 10
1 23 13
1 23 21
1 23 34
1 23 48
1 23 49
1 24 4
1 24 16
1 24 36
1 24 38
1 25 7
1 25 26
1 25 48
1 26 8
1 26 16
1 26 22
1 26 33
1 26 37
1 26 41
1 27 0
1 27 2
1 27 6
1 27 9
1 27 22
1 27 25
1 27 29
1 27 41
1 28 13
1 28 23
1 28 28
1 28 37
1 28 40
1 28 41
1 29 12
1 29 16
1 29 18
1 29 20
1 29 21
1 30 0
1 30 3
1 30 22
1 30 34
1 30 37
1 31 9
1 31 18
1 31 23
1 31 28
1 31 29
1 31 31
1 31 35
1 31 41
1 31 46
1 32 0
1 32 11
1 32 12
1 32 29
1 32 37
1 33 14
1 33 30
1 33 44
1 33 45
1 33 46
1 34 1
1 34 3
1 34 7
1 34 18
1 34 20
1 34 22
1 34 24
1 34 26
1 34 31
1 34 34
1 34 42
1 34 45
1 35 12
1 35 26
1 35 30
1 35 38
1 35 42
1 36 4
1 36 41
1 37 11
1 37 13
1 37 29
1 37 44
1 38 1
1 38 7
1 38 19
1 38 21
1 38 29
1 38 31
1 38 42
1 38 48
1 39 4
1 39 21
1 39 25
1 39 33
1 39 38
1 39 47
1 39 49
1 40 8
1 40 17
1 40 34
1 40 38
1 40 40
1 41 9
1 41 20
1 41 21
1 41 23
1 41 26
1 41 40
1 41 44
1 41 45
1 42 10
1 42 11
1 42 20
1 42 35
1 42 38
1 42 44
1 42 49
1 43 3
1 43 8
1 43 9
1 43 14
1 43 21
1 43 31
1 43 41
1 43 45
1 43 47
1 43 48
1 44 11
1 44 32
1 44 37
1 45 7
1 45 9
1 45 11
1 45 12
1 45 23
1 45 29
1 45 33
1 45 38
1 45 42
1 45 49
1 46 0
1 46 12
1 46 19
1 46 37
1 46 43
1 47 6
1 47 23
1 47 31
1 47 41
1 47 48
1 48 15
1 48 26
1 48 30
1 48 41
1 49 7
1 49 9
1 49 18
1 49 38
1 49 39
1 0 5
1 0 6
1 0 6
1 0 6
1 0 6
1 0 6
1 0 6
1 0 6
1 0 6
1 0 6
1 0 6
1 0 6
1 0 6
1 0 6
1 0 6
1 0 6
1 0 6
1 0 6
1 0 6
1 0 6
1 0 6
1 0 6
1 0 6
1 0 6
1 0 6
1 0 6
1 0 6
1 0 6
1 0 6
1 0 6
1 0 6
1 0 6
1 0 6
1 0 6
1 0 6
1 0 6
1 0 6
1 0 6
1 0 6
1 0 6
1 0 6
1 0 6
1 0 6
1 0 6
1 0 6
1 0 6
1 0 6
1 0 6
1 0 6
1 0 6
1 0 6
1 0 6
1 0 6
1 0 6
1 0 6
1 0 6
1 0 6
1 0 6
1 0 6
1 0 6
1 0 6
1 0 6
1 0 6
1 0 6
1 0 6
1 0 6
1 0 6
1 0 6
1 0 6
1 0 6
1 0 6
1 0 6
1 0 6
1 0 6
1 0 6
1 0 6
1 0 6
1 0 6
1 0 6
1 0 6
1 0 6
1 0 6
1 0 6
1 0 6
1 0 6
1 0 6
1 0 6
1 0 6
1 0 6
1 0 6
1 0 6
1 0 6
1 0 6
1 0 6
1 0 6
1 0 6
1 0 6
1 0 6
1 0 6
1 0 6
1 0 6
1 0 6
1 0 6
1 0 6
1 0 6
1 0 6
1 0 6
1 0 6
1 0 6
1 0 6
1 0 6
1 0 6
1 0 6
1 0 6
1 0 6
1 0 6
1 0 6
1 0 6
1 0 6
1 0 6
1 0 6
1 0 6
1 0 6
1 0 6
1 0 6
1 0 6
1 0 6
1 0 6
1 0 6
1 0 6
1 0 6
1 0 6
1 0 6
1 0 6
1 0 6
1 0 6
1 0 6
1 0 6
1 0 6
1 0 6
1 0 6
1 0 6
1 0 6
1 0 6
1 0 6
1 0 6
1 0 6
1 0 6
1 0 6
1 0 6
1 0 6
1 0 6
1 0 6
1 0 6
1 0 6
1 0 6
1 0 6
1 0 6
1 0 6
1 0 6
1 0 6
1 0 6
1 0 6
1 0 6
1 0 6
1 0 6
1 0 6
1 0 6
1 0 6
1 0 6
1 0 6
1 0 6
1 0 6
1 0 6
1 0 6
1 0 6
1 0 6
1 0 6
1 0 6
1 0 6
1 0 6
1 0 6
1 0 6
1 0 6
1 0 6
1 0 6
1 0 6
1 0 6
1 0 6
1 0 6
1 0 6
1 0 6
1 0 6
1 0 6
1 0 6
1 0 6
1 0 6
1 0 6
1 0 6
1 0 6
1 0 6
1 0 6
1 0 6
1 0 6
1 0 6
1 0 6
1 0 6
1 0 6
1 0 6
1 0 6
1 0 6
1 0 6
1 0 6
1 0 6
1 0 6
1 0 6
1 0 6
1 0 6
1 0 6
1 0 6
1 0 6
1 0 6
1 0 6
1 0 6
1 0 6
1 0 6
1 0 6
1 0 6
1 0 6
1 0 6
1 0 6
1 0 6
1 0 6
1 0 6
1 0 6
1 0 6
1 0 6
1 0 6
1 0 6
1 0 6
1 0 6
1 0 6
1 0 6
1 0 6
1 0 6
1 0 6
1 0 6
1 0 6
1 0 6
1 0 6
1 0 6
1 0 6
1 0 6
1 0 6
1 0 6
1 0 6
1 0 6
1 0 6
1 0 6
1 0 6
1 0 6
1 0 6
1 0 6
1 0 6
1 0 6
1 0 6
1 0 6
1 0 6
1 0 6
1 0 6
1 0 6
1 0 6
1 0 6
1 0 6
1 0 6
1 0 6
1 0 6
1 0 6
1 0 6
1 0 6
1 0 6
1 0 6
1 0 6
1 0 6
1 0 6
1 0 6
1 0 6
1 0 6
1 0 6
1 0 6
1 0 6
1 0 6
1 0 6
1 0 6
1 0 6
1 0 6
1 0 6
1 0 6
1 0 6
1 0 6
1 0 6
1 0 6
1 0 6
1 0 6
1 0 6
1 0 6
1 0 6
1 0 6
1 0 6
1 0 6
1 0 6
1 0 6
1 0 6
1 0 6
1 0 6
1 0 6
1 0 6
1 0 6
1 0 6
1 0 6
1 0 6
1 0 6
1 0 6
1 0 6
1 0 6
1 0 6
1 0 6
1 0 6
1 0 6
1 0 6
1 0 6
1 0 6
1 0 6
1 0 6
1 0 6
1 0 6
1 0 6
1 0 6
1 0 6
1 0 6
1 0 6
1 0 6
1 0 6
1 0 6
1 0 6
1 0 6
1 0 6
1 0 6
1 0 6
1 0 6
1 0 6
1 0 6
1 0 6
1 0 6
1 0 6
1 0 6
1 0 6
1 0 6
1 0 6
1 0 6
1 0 6
1 0 6
1 0 6
1 0 6
1 0 6
1 0 6
1 0 6
1 0 6
1 0 6
1 0 6
1 0 6
1 0 6
1 0 6
1 0 6
1 0 6
1 0 6
1 0 6
1 0 6
1 0 6
1 0 6
1 0 6
1 0 6
1 0 6
1 0 6
1 0 6
1 0 6
1 0 6
1 0 6
1 0 6
1 0 6
1 0 6
1 0 6
1 0 6
1 0 6
1 0 6
1 0 6
1 0 6
1 0 6
1 0 6
1 0 6
1 0 6
1 0 6
1 0 6
1 0 6
1 0 6
1 0 6
1 0 6
1 0 6
1 0 6
1 0 6
1 0 6
1 0 6
1 0 6
1 0 6
1 0 6
1 0 6
1 0 6
1 0 6
1 0 6
1 0 6
1 0 6
1 0 6
1 0 6
1 0 6
1 0 6
1 0 6
1 0 6
1 0 6
1 0 6
1 0 6
1 0 6
1 0 6
1 0 6
1 0 6
1 0 6
1 0 6
1 0 6
1 0 6
1 0 6
1 0 6
1 0 6
1 0 6
1 0 6
1 0 6
1 0 6
1 0 6
1 0 6
1 0 6
1 0 6
1 0 6
1 0 6
1 0 6
1 0 6
1 0 6
1 0 6
1 0 6
1 0 6
1 0 6
1 0 6
1 0 6
1 0 6
1 0 6
1 0 6
1 0 6
1 0 6
1 0 6
1 0 6
1 0 6
1 0 6
1 0 6
1 0 6
1 0 6
1 0 6
1 0 6
1 0 6
1 0 6
1 0 6
1 0 6
1 0 6
1 0 6
1 0 6
1 0 6
1 0 6
1 0 6
1 0 6
1 0 6
1 0 6
1 0 6
1 0 6
1 0 6
1 0 6
1 0 6
1 0 6
1 0 6
1 0 6
1 0 6
1 0 6
1 0 6
1 0 6
1 0 6
1 0 6
1 0 6
1 0 6
1 0 6
1 0 6
1 0 6
1 0 6
1 0 6
1 0 6
1 0 6
1 0 6
1 0 6
1 0 6
1 0 6
1 0 6
1 0 6
1 0 6
1 0 6
1 0 6
1 0 6
1 0 6
1 0 6
1 0 6
1 0 6
1 0 6
1 0 6
1 0 6
1 0 6
1 0 6
1 0 6
1 0 6
1 0 6
1 0 6
1 0 6
1 0 6
1 0 6
1 0 6
1 0 6
1 0 6
1 0 6
1 0 6
1 0 6
1 0 6
1 0 6
1 0 6
1 0 6
1 0 6
1 0 6
1 0 6
1 0 6
1 0 6
1 0 6
1 0 6
1 0 6
1 0 6
1 0 6
1 0 6
1 0 6
1 0 6
1 0 6
1 0 6
1 0 6
1 0 6
1 0 6
1 0 6
1 0 6
1 0 6
1 0 6
1 0 6
1 0 6
1 0 6
1 0 6
1 0 6
1 0 6
1 0 6
1 0 6
1 0 6
1 0 6
1 0 6
1 0 6
1 0 6
1 0 6
1 0 6
1 0 6
1 0 6
1 0 6
1 0 6
1 0 6
1 0 6
1 0 6
1 0 6
1 0 6
1 0 6
1 0 6
1 0 6
1 0 6
1 0 6
1 0 6
1 0 6
1 0 6
1 0 6
1 0 6
1 0 6
1 0 6
1 0 6
1 0 6
1 0 6
1 0 6
1 0 6
1 0 6
1 0 6
1 0 6
1 0 6
1 0 6
1 0 6
1 0 6
1 0 6
1 0 6
1 0 6
1 0 6
1 0 6
1 0 6
1 0 6
1 0 6
1 0 6
1 0 6
1 0 6
1 0 6
1 0 6
1 0 6
1 0 6
1 0 6
1 0 6
1 0 6
1 0 6
1 0 6
1 0 6
1 0 6
1 0 6
1 0 6
1 0 6
1 0 6
1 0 6
1 0 6
1 0 6
1 0 6
1 0 6
1 0 6
1 0 6
1 0 6
1 0 6
1 0 6
1 0 6
1 0 6
1 0 6
1 0 6
1 0 6
1 0 6
1 0 6
1 0 6
1 0 6
1 0 6
1 0 6
1 0 6
1 0 6
1 0 6
1 0 6
1 0 6
1 0 6
1 0 6
1 0 6
1 0 6
1 0 6
1 0 6
1 0 6
1 0 6
1 0 6
1 0 6
1 0 6
1 0 6
1 0 6
1 0 6
1 0 6
1 0 6
1 0 6
1 0 6
1 0 6
1 0 6
1 0 6
1 0 6
1 0 6
1 0 6
1 0 6
1 0 6
1 0 6
1 0 6
1 0 6
1 0 6
1 0 6
1 0 6
1 0 6
1 0 6
1 0 6
1 0 6
1 0 6
1 0 6
1 0 6
1 0 6
1 0 6
1 0 6
1 0 6
1 0 6
1 0 6
1 0 6
1 0 6
1 0 6
1 0 6
1 0 6
1 0 6
1 0 6
1 0 6
1 0 6
1 0 6
1 0 6
1 0 6
1 0 6
1 0 6
1 0 6
1 0 6
1 0 6
1 0 6
1 0 6
1 0 6
1 0 6
1 0 6
1 0 6
1 0 6
1 0 6
1 0 6
1 0 6
1 0 6
1 0 6
1 0 6
1 0 6
1 0 6
1 0 6
1 0 6
1 0 6
1 0 6
1 0 6
1 0 6
1 0 6
1 0 6
1 0 6
1 0 6
1 0 6
1 0 6
1 0 6
1 0 6
1 0 6
1 0 6
1 0 6
1 0 6
1 0 6
1 0 6
1 0 6
1 0 6
1 0 6
1 0 6
1 0 6
1 0 6
1 0 6
1 0 6
1 0 6
1 0 6
1 0 6
1 0 6
1 0 6
1 0 6
1 0 6
1 0 6
1 0 6
1 0 6
1 0 6
1 0 6
1 0 6
1 0 6
1 0 6
1 0 6
1 0 6
1 0 6
1 0 6
1 0 6
1 0 6
1 0 6
1 0 6
1 0 6
1 0 6
1 0 6
1 0 6
1 0 6
1 0 6
1 0 6
1 0 6
1 0 6
1 0 6
1 0 6
1 0 6
1 0 6
1 0 6
1 0 6
1 0 6
1 0 6
1 0 6
1 0 6
1 0 6
1 0 6
1 0 6
1 0 6
1 0 6
1 0 6
1 0 6
1 0 6
1 0 6
1 0 6
1 0 6
1 0 6
1 0 6
1 0 6
1 0 6
1 0 6
1 0 6
1 0 6
1 0 6
1 0 6
1 0 6
1 0 6
1 0 6
1 0 6
1 0 6
1 0 6
1 0 6
1 0 6
1 0 6
1 0 6
1 0 6
1 0 6
1 0 6
1 0 6
1 0 6
1 0 6
1 0 6
1 0 6
1 0 6
1 0 6
1 0 6
1 0 6
1 0 6
1 0 6
1 0 6
1 0 6
1 0 6
1 0 6
1 0 6
1 0 6
1 0 6
1 0 6
1 0 6
1 0 6
1 0 6
1 0 6
1 0 6
1 0 6
1 0 6
1 0 6
1 0 6
1 0 6
1 0 6
1 0 6
1 0 6
1 0 6
1 0 6
1 0 6
1 0 6
1 0 6
1 0 6
1 0 6
1 0 6
1 0 6
1 0 6
1 0 6
1 0 6
1 0 6
1 0 6
1 0 6
1 0 6
1 0 6
1 0 6
1 0 6
1 0 6
1 0 6
1 0 6
1 0 6
1 0 6
1 0 6
1 0 6
1 0 6
1 0 6
1 0 6
1 0 6
1 0 6
1 0 6
1 0 6
1 0 6
1 0 6
1 0 6
1 0 6
1 0 6
1 0 6
1 0 6
1 0 6
1 0 6
1 0 6
1 0 6
1 0 6
1 0 6
1 0 6
1 0 6
1 0 6
1 0 6
1 0 6
1 0 6
1 0 6
1 0 6
1 0 6
1 0 6
1 0 6
1 0 6
1 0 6
1 0 6
1 0 6
1 0 6
1 0 6
1 0 6
1 0 6
1 0 6
1 0 6
1 0 6
1 0 6
1 0 6
1 0 6
1 0 6
1 0 6
1 0 6
1 0 6
1 0 6
1 0 6
1 0 6
1 0 6
1 0 6
1 0 6
1 0 6
1 0 6
1 0 6
1 0 6
1 0 6
1 0 6
1 0 6
1 0 6
1 0 6
1 0 6
1 0 6
1 0 6
1 0 6
1 0 6
1 0 6
1 0 6
1 0 6
1 0 6
1 0 6
1 0 6
1 0 6
1 0 6
1 0 6
1 0 6
1 0 6
1 0 6
1 0 6
1 0 6
1 0 6
1 0 6
1 0 6
1 0 6
1 0 6
1 0 6
1 0 6
1 0 6
1 0 6
1 0 6
1 0 6
1 0 6
1 0 6
1 0 6
1 0 6
1 0 6
1 0 6
1 0 6
1 0 6
1 0 6
1 0 6
1 0 6
1 0 6
1 0 6
1 0 6
1 0 6
1 0 6
1 0 6
1 0 6
1 0 6
1 0 6
1 0 6
1 0 6
1 0 6
1 0 6
1 0 6
1 0 6
1 0 6
1 0 6
1 0 6
1 0 6
1 0 6
1 0 6
1 0 6
1 0 6
1 0 6
1 0 6
1 0 6
1 0 6
1 0 6
1 0 6
1 0 6
1 0 6
1 0 6
1 0 6
1 0 6
1 0 6
1 0 6
1 0 6
1 0 6
1 0 6
1 0 6
1 0 6
1 0 6
1 0 6
1 0 6
1 0 6
1 0 6
1 0 6
1 0 6
1 0 6
1 0 6
1 0 6
1 0 6
1 0 6
1 0 6
1 0 6
1 0 6
1 0 6
1 0 6
1 0 6
1 0 6
1 0 6
1 0 6
1 0 6
1 0 6
1 0 6
1 0 6
1 0 6
1 0 6
1 0 6
1 0 6
1 0 6
1 0 6
1 0 6
1 0 6
1 0 6
1 0 6
1 0 6
1 0 6
1 0 6
1 0 6
1 0 6
1 0 6
1 0 6
1 0 6
1 0 6
1 0 6
1 0 6
1 0 6
1 0 6
1 0 6
1 0 6
1 0 6
1 0 6
1 0 6
1 0 6
1 0 6
1 0 6
1 0 6
1 0 6
1 0 6
1 0 6
1 0 6
1 0 6
1 0 6
1 0 6
1 0 6
1 0 6
1 0 6
1 0 6
1 0 6
1 0 6
1 0 6
1 0 6
1 0 6
1 0 6
1 0 6
1 0 6
1 0 6
1 0 6
1 0 6
1 0 6
1 0 6
1 0 6
1 0 6
1 0 6
1 0 6
1 0 6
1 0 6
1 0 6
1 0 6
1 0 6
1 0 6
1 0 6
1 0 6
1 0 6
1 0 6
1 0 6
1 0 6
1 0 6
1 0 6
1 0 6
1 0 6
1 0 6
1 0 6
1 0 6
1 0 6
1 0 6
1 0 6
1 0 6
1 0 6
1 0 6
1 0 6
1 0 6
1 0 6
1 0 6
1 0 6
1 0 6
1 0 6
1 0 6
1 0 6
1 0 6
1 0 6
1 0 6
1 0 6
1 0 6
1 0 6
1 0 6
1 0 6
1 0 6
1 0 6
1 0 6
1 0 6
1 0 6
1 0 6
1 0 6
1 0 6
1 0 6
1 0 6
1 0 6
1 0 6
1 0 6
1 0 6
1 0 6
1 0 6
1 0 6
1 0 6
1 0 6
1 0 6
1 0 6
1 0 6
1 0 6
1 0 6
1 0 6
1 0 6
1 0 6
1 0 6
1 0 6
1 0 6
1 0 6
1 0 6
1 0 6
1 0 6
1 0 6
1 0 6
1 0 6
1 0 6
1 0 6
1 0 6
1 0 6
1 0 6
1 0 6
1 0 6
1 0 6
1 0 6
1 0 6
1 0 6
1 0 6
1 0 6
1 0 6
1 0 6
1 0 6
1 0 6
1 0 6
1 0 6
1 0 6
1 0 6
1 0 6
1 0 6
1 0 6
1 0 6
1 0 6
1 0 6
1 0 6
1 0 6
1 0 6
1 0 6
1 0 6
1 0 6
1 0 6
1 0 6
1 0 6
1 0 6
1 0 6
1 0 6
1 0 6
1 0 6
1 0 6
1 0 6
1 0 6
1 0 6
1 0 6
1 0 6
1 0 6
1 0 6
1 0 6
1 0 6
1 0 6
1 0 6
1 0 6
1 0 6
1 0 6
1 0 6
1 0 6
1 0 6
1 0 6
1 0 6
1 0 6
1 0 6
1 0 6
1 0 6
1 0 6
1 0 6
1 0 6
1 0 6
1 0 6
1 0 6
1 0 6
1 0 6
1 0 6
1 0 6
1 0 6
1 0 6
1 0 6
1 0 6
1 0 6
1 0 6
1 0 6
1 0 6
1 0 6
1 0 6
1 0 6
1 0 6
1 0 6
1 0 6
1 0 6
1 0 6
1 0 6
1 0 6
1 0 6
1 0 6
1 0 6
1 0 6
1 0 6
1 0 6
1 0 6
1 0 6
1 0 6
1 0 6
1 0 6
1 0 6
1 0 6
1 0 6
1 0 6
1 0 6
1 0 6
1 0 6
1 0 6
1 0 6
1 0 6
1 0 6
1 0 6
1 0 6
1 0 6
1 0 6
1 0 6
1 0 6
1 0 6
1 0 6
1 0 6
1 0 6
1 0 6
1 0 6
1 0 6
1 0 6
1 0 6
1 0 6
1 0 6
1 0 6
1 0 6
1 0 6
1 0 6
1 0 6
1 0 6
1 0 6
1 0 6
1 0 6
1 0 6
1 0 6
1 0 6
1 0 6
1 0 6
1 0 6
1 0 6
1 0 6
1 0 6
1 0 6
1 0 6
1 0 6
1 0 6
1 0 6
1 0 6
1 0 6
1 0 6
1 0 6
1 0 6
1 0 6
1 0 6
1 0 6
1 0 6
1 0 6
1 0 6
1 0 6
1 0 6
1 0 6
1 0 6
1 0 6
1 0 6
1 0 6
1 0 6
1 0 6
1 0 6
1 0 6
1 0 6
1 0 6
1 0 6
1 0 6
1 0 6
1 0 6
1 0 6
1 0 6
1 0 6
1 0 6
1 0 6
1 0 6
1 0 6
1 0 6
1 0 6
1 0 6
1 0 6
1 0 6
1 0 6
1 0 6
1 0 6
1 0 6
1 0 6
1 0 6
1 0 6
1 0 6
1 0 6
1 0 6
1 0 6
1 0 6
1 0 6
1 0 6
1 0 6
1 0 6
1 0 6
1 0 6
1 0 6
1 0 6
1 0 6
1 0 6
1 0 6
1 0 6
1 0 6
1 0 6
1 0 6
1 0 6
1 0 6
1 0 6
1 0 6
1 0 6
1 0 6
1 0 6
1 0 6
1 0 6
1 0 6
1 0 6
1 0 6
1 0 6
1 0 6
1 0 6
1 0 6
1 0 6
1 0 6
1 0 6
1 0 6
1 0 6
1 0 6
1 0 6
1 0 6
1 0 6
1 0 6
1 0 6
1 0 6
1 0 6
1 0 6
1 0 6
1 0 6
1 0 6
1 0 6
1 0 6
1 0 6
1 0 6
1 0 6
1 0 6
1 0 6
1 0 6
1 0 6
1 0 6
1 0 6
1 0 6
1 0 6
1 0 6
1 0 6
1 0 6
1 0 6
1 0 6
1 0 6
1 0 6
1 0 6
1 0 6
1 0 6
1 0 6
1 0 6
1 0 6
1 0 6
1 0 6
1 0 6
1 0 6
1 0 6
1 0 6
1 0 6
1 0 6
1 0 6
1 0 6
1 0 6
1 0 6
1 0 6
1 0 6
1 0 6
1 0 6
1 0 6
1 0 6
1 0 6
1 0 6
1 0 6
1 0 6
1 0 6
1 0 6
1 0 6
1 0 6
1 0 6
1 0 6
1 0 6
1 0 6
1 0 6
1 0 6
1 0 6
1 0 6
1 0 6
1 0 6
1 0 6
1 0 6
1 0 6
1 0 6
1 0 6
1 0 6
1 0 6
1 0 6
1 0 6
1 0 6
1 0 6
1 0 6
1 0 6
1 0 6
1 0 6
1 0 6
1 0 6
1 0 6
1 0 6
1 0 6
1 0 6
1 0 6
1 0 6
1 0 6
1 0 6
1 0 6
1 0 6
1 0 6
1 0 6
1 0 6
1 0 6
1 0 6
1 0 6
1 0 6
1 0 6
1 0 6
1 0 6
1 0 6
1 0 6
1 0 6
1 0 6
1 0 6
1 0 6
1 0 6
1 0 6
1 0 6
1 0 6
1 0 6
1 0 6
1 0 6
1 0 6
1 0 6
1 0 6
1 0 6
1 0 6
1 0 6
1 0 6
1 0 6
1 0 6
1 0 6
1 0 6
2 0 0
2 0 2
2 0 4
2 0 6
2 0 8
2 0 10
2 0 12
2 0 14
2 0 16
2 0 18
2 0 20
2 0 22
2 0 24
2 0 26
2 0 28
2 0 30
2 0 32
2 0 34
2 0 36
2 0 38
2 0 40
2 0 42
2 0 44
2 0 46
2 0 48
2 2 1
2 2 3
2 2 5
2 2 7
2 2 9
2 2 11
2 2 13
2 2 15
2 2 17
2 2 19
2 2 21
2 2 23
2 2 25
2 2 27
2 2 29
2 2 31
2 2 33
2 2 35
2 2 37
2 2 39
2 2 41
2 2 43
2 2 45
2 2 47
2 2 49
2 4 0
2 4 2
2 4 4
2 4 6
2 4 8
2 4 10
2 4 12
2 4 14
2 4 16
2 4 18
2 4 20
2 4 22
2 4 24
2 4 26
2 4 28
2 4 30
2 4 32
2 4 34
2 4 36
2 4 38
2 4 40
2 4 42
2 4 44
2 4 46
2 4 48
2 6 1
2 6 3
2 6 5
2 6 7
2 6 9
2 6 11
2 6 13
2 6 15
2 6 17
2 6 19
2 6 21
2 6 23
2 6 25
2 6 27
2 6 29
2 6 31
2 6 33
2 6 35
2 6 37
2 6 39
2 6 41
2 6 43
2 6 45
2 6 47
2 6 49
2 8 0
2 8 2
2 8 4
2 8 6
2 8 8
2 8 10
2 8 12
2 8 14
2 8 16
2 8 18
2 8 20
2 8 22
2 8 24
2 8 26
2 8 28
2 8 30
2 8 32
2 8 34
2 8 36
2 8 38
2 8 40
2 8 42
2 8 44
2 8 46
2 8 48
2 10 1
2 10 3
2 10 5
2 10 7
2 10 9
2 10 11
2 10 13
2 10 15
2 10 17
2 10 19
2 10 21
2 10 23
2 10 25
2 10 27
2 10 29
2 10 31
2 10 33
2 10 35
2 10 37
2 10 39
2 10 41
2 10 43
2 10 45
2 10 47
2 10 49
2 12 0
2 12 2
2 12 4
2 12 6
2 12 8
2 12 10
2 12 12
2 12 14
2 12 16
2 12 18
2 12 20
2 12 22
2 12 24
2 12 26
2 12 28
2 12 30
2 12 32
2 12 34
2 12 36
2 12 38
2 12 40
2 12 42
2 12 44
2 12 46
2 12 48
2 14 1
2 14 3
2 14 5
2 14 7
2 14 9
2 14 11
2 14 13
2 14 15
2 14 17
2 14 19
2 14 21
2 14 23
2 14 25
2 14 27
2 14 29
2 14 31
2 14 33
2 14 35
2 14 37
2 14 39
2 14 41
2 14 43
2 14 45
2 14 47
2 14 49
2 16 0
2 16 2
2 16 4
2 16 6
2 16 8
2 16 10
2 16 12
2 16 14
2 16 16
2 16 18
2 16 20
2 16 22
2 16 24
2 16 26
2 16 28
2 16 30
2 16 32
2 16 34
2 16 36
2 16 38
2 16 40
2 16 42
2 16 44
2 16 46
2 16 48
2 18 1
2 18 3
2 18 5
2 18 7
2 18 9
2 18 11
2 18 13
2 18 15
2 18 17
2 18 19
2 18 21
2 18 23
2 18 25
2 18 27
2 18 29
2 18 31
2 18 33
2 18 35
2 18 37
2 18 39
2 18 41
2 18 43
2 18 45
2 18 47
2 18 49
2 20 0
2 20 2
2 20 4
2 20 6
2 20 8
2 20 10
2 20 12
2 20 14
2 20 16
2 20 18
2 20 20
2 20 22
2 20 24
2 20 26
2 20 28
2 20 30
2 20 32
2 20 34
2 20 36
2 20 38
2 20 40
2 20 42
2 20 44
2 20 46
2 20 48
2 22 1
2 22 3
2 22 5
2 22 7
2 22 9
2 22 11
2 22 13
2 22 15
2 22 17
2 22 19
2 22 21
2 22 23
2 22 25
2 22 27
2 22 29
2 22 31
2 22 33
2 22 35
2 22 37
2 22 39
2 22 41
2 22 43
2 22 45
2 22 47
2 22 49
2 24 0
2 24 2
2 24 4
2 24 6
2 24 8
2 24 10
2 24 12
2 24 14
2 24 16
2 24 18
2 24 20
2 24 22
2 24 24
2 24 26
2 24 28
2 24 30
2 24 32
2 24 34
2 24 36
2 24 38
2 24 40
2 24 42
2 24 44
2 24 46
2 24 48
2 26 1
2 26 3
2 26 5
2 26 7
2 26 9
2 26 11
2 26 13
2 26 15
2 26 17
2 26 19
2 26 21
2 26 23
2 26 25
2 26 27
2 26 29
2 26 31
2 26 33
2 26 35
2 26 37
2 26 39
2 26 41
2 26 43
2 26 45
2 26 47
2 26 49
2 28 0
2 28 2
2 28 4
2 28 6
2 28 8
2 28 10
2 28 12
2 28 14
2 28 16
2 28 18
2 28 20
2 28 22
2 28 24
2 28 26
2 28 28
2 28 30
2 28 32
2 28 34
2 28 36
2 28 38
2 28 40
2 28 42
2 28 44
2 28 46
2 28 48
2 30 1
2 30 3
2 30 5
2 30 7
2 30 9
2 30 11
2 30 13
2 30 15
2 30 17
2 30 19
2 30 21
2 30 23
2 30 25
2 30 27
2 30 29
2 30 31
2 30 33
2 30 35
2 30 37
2 30 39
2 30 41
2 30 43
2 30 45
2 30 47
2 30 49
2 32 0
2 32 2
2 32 4
2 32 6
2 32 8
2 32 10
2 32 12
2 32 14
2 32 16
2 32 18
2 32 20
2 32 22
2 32 24
2 32 26
2 32 28
2 32 30
2 32 32
2 32 34
2 32 36
2 32 38
2 32 40
2 32 42
2 32 44
2 32 46
2 32 48
2 34 1
2 34 3
2 34 5
2 34 7
2 34 9
2 34 11
2 34 13
2 34 15
2 34 17
2 34 19
2 34 21
2 34 23
2 34 25
2 34 27
2 34 29
2 34 31
2 34 33
2 34 35
2 34 37
2 34 39
2 34 41
2 34 43
2 34 45
2 34 47
2 34 49
2 36 0
2 36 2
2 36 4
2 36 6
2 36 8
2 36 10
2 36 12
2 36 14
2 36 16
2 36 18
2 36 20
2 36 22
2 36 24
2 36 26
2 36 28
2 36 30
2 36 32
2 36 34
2 36 36
2 36 38
2 36 40
2 36 42
2 36 44
2 36 46
2 36 48
2 38 1
2 38 3
2 38 5
2 38 7
2 38 9
2 38 11
2 38 13
2 38 15
2 38 17
2 38 19
2 38 21
2 38 23
2 38 25
2 38 27
2 38 29
2 38 31
2 38 33
2 38 35
2 38 37
2 38 39
2 38 41
2 38 43
2 38 45
2 38 47
2 38 49
2 40 0
2 40 2
2 40 4
2 40 6
2 40 8
2 40 10
2 40 12
2 40 14
2 40 16
2 40 18
2 40 20
2 40 22
2 40 24
2 40 26
2 40 28
2 40 30
2 40 32
2 40 34
2 40 36
2 40 38
2 40 40
2 40 42
2 40 44
2 40 46
2 40 48
2 42 1
2 42 3
2 42 5
2 42 7
2 42 9
2 42 11
2 42 13
2 42 15
2 42 17
2 42 19
2 42 21
2 42 23
2 42 25
2 42 27
2 42 29
2 42 31
2 42 33
2 42 35
2 42 37
2 42 39
2 42 41
2 42 43
2 42 45
2 42 47
2 42 49
2 44 0
2 44 2
2 44 4
2 44 6
2 44 8
2 44 10
2 44 12
2 44 14
2 44 16
2 44 18
2 44 20
2 44 22
2 44 24
2 44 26
2 44 28
2 44 30
2 44 32
2 44 34
2 44 36
2 44 38
2 44 40
2 44 42
2 44 44
2 44 46
2 44 48
2 46 1
2 46 3
2 46 5
2 46 7
2 46 9
2 46 11
2 46 13
2 46 15
2 46 17
2 46 19
2 46 21
2 46 23
2 46 25
2 46 27
2 46 29
2 46 31
2 46 33
2 46 35
2 46 37
2 46 39
2 46 41
2 46 43
2 46 45
2 46 47
2 46 49
2 48 0
2 48 2
2 48 4
2 48 6
2 48 8
2 48 10
2 48 12
2 48 14
2 48 16
2 48 18
2 48 20
2 48 22
2 48 24
2 48 26
2 48 28
2 48 30
2 48 32
2 48 34
2 48 36
2 48 38
2 48 40
2 48 42
2 48 44
2 48 46
2 48 48
