168
58
143
196
30
129
99
113
62
96
135
102
152
52
66
21
9
68
15
149
20
89
139
8
124
26
50
27
90
108
59
155
76
0
93
179
16
107
116
71
41
38
49
1
157
91
47
115
144
154
5
54
193
12
83
92
151
65
174
40
106
63
88
170
163
95
114
188
25
86
4
36
121
32
81
77
42
165
72
138
123
192
111
172
78
75
197
177
55
11
2
80
29
98
147
10
60
104
133
184
187
167
53
101
186
160
6
34
45
37
100
51
39
110
191
136
127
182
70
166
31
48
84
189
132
146
13
137
199
180
43
185
169
87
44
131
125
109
22
194
105
156
126
69
140
158
148
14
190
46
57
23
7
79
17
103
97
82
120
198
64
130
181
122
67
142
145
183
94
153
161
112
61
141
150
24
175
33
19
119
171
164
162
118
73
28
195
117
74
173
128
35
18
159
85
178
176
3
56
134
